
1) the first line.
hhghg
122222
22222
3333
122222
22222
3333
122222
22222
3333
122222
22222
3333
122222
22222
3333
122222
22222
3333
122222
22222
3333
122222
22222
3333
122222
22222
3333
122222
22222
3333
122222
22222
3333
122222
22222
3333
122222
22222
3333
122222
22222
3333
122222
22222
3333
122222
22222
3333
122222
22222
3333
122222
22222
3333
122222
22222
3333
122222
22222
3333
122222
22222
3333
122222
22222
3333
122222
22222
3333
122222
22222
3333
122222
22222
3333
122222
22222
3333
122222
22222
3333
122222
22222
3333
122222
22222
3333
122222
22222
3333
122222
22222
3333
122222
22222
3333
122222
22222
3333
122222
22222
3333
122222
22222
3333
122222
22222
3333
122222
22222
3333
122222
22222
3333
122222
22222
3333
122222
22222
3333
122222
22222
3333
122222
22222
3333
122222
22222
3333
122222
22222
3333
122222
22222
3333
122222
22222
3333
122222
22222
3333
122222
22222
3333
122222
22222
3333
122222
22222
3333
122222
22222
3333
122222
22222
3333
122222
22222
3333
122222
22222
3333
122222
22222
3333
122222
22222
3333
122222
22222
3333
122222
22222
3333
122222
22222
3333
122222
22222
3333
122222
22222
3333
122222
22222
3333
122222
22222
3333
122222
22222
3333
122222
22222
3333
122222
22222
3333
122222
22222
3333
122222
22222
3333
122222
22222
3333
122222
22222
3333
122222
22222
3333
122222
22222
3333
122222
22222
3333
122222
22222
3333
122222
22222
3333
122222
22222
3333
122222
22222
3333
122222
22222
3333
122222
22222
3333
122222
22222
3333
122222
22222
3333
122222
22222
3333
122222
22222
3333
122222
22222
3333
122222
22222
3333
122222
22222
3333
122222
22222
3333
122222
22222
3333
122222
22222
3333
122222
22222
3333
122222
22222
3333
122222
22222
3333
122222
22222
3333
122222
22222
3333
122222
22222
3333
122222
22222
3333
122222
22222
3333
122222
22222
3333
122222
22222
3333
122222
22222
3333
122222
22222
3333
122222
22222
3333
122222
22222
3333
122222
22222
3333
122222
22222
3333
122222
22222
3333
122222
22222
3333
122222
22222
3333
122222
22222
3333
122222
22222
3333
122222
22222
3333

>>>>>>> test_branch
